21 12.0000 0.04999
22 10.7789 0.05566
23 3.2110 0.18686
24 8.8126 0.06808
25 1.4038 0.42740
26 1.1214 0.53503
27 1.3586 0.44162
28 1.1900 0.50418
29 1.0215 0.58737
30 1.3713 0.43753
31 1.2985 0.46207
32 1.1999 0.50003
33 1.6674 0.35983
34 3.7364 0.16058
35 12.0000 0.04999
36 1.3911 0.43130
37 1.1257 0.53302
38 1.2212 0.49130
39 1.4113 0.42514
40 1.1584 0.51797
41 0.9857 0.60870
42 1.3516 0.44391
43 1.5688 0.38245
44 1.1772 0.50970
45 5.1173 0.11725
46 5.7639 0.10410
47 7.7895 0.07703
48 1.4943 0.40152
49 1.0856 0.55267
50 1.4107 0.42532
51 1.2097 0.49597
52 1.1212 0.53516
53 1.2313 0.48727
54 1.0631 0.56436
55 2.1391 0.28049
56 1.0659 0.56290
57 1.2296 0.48795
58 1.3606 0.44098
59 2.7088 0.22150
60 1.1806 0.50821
61 1.1251 0.53329
62 1.3234 0.45337
63 1.5992 0.37518
64 1.1415 0.52563
65 2.0463 0.29321
66 2.0947 0.28644
67 3.3160 0.18094
68 1.2331 0.48657
69 1.0536 0.56946
70 1.2897 0.46521
71 1.3051 0.45975
72 1.0992 0.54584
73 1.2653 0.47421
74 1.2254 0.48965
75 1.4215 0.42209
76 1.1618 0.51645
77 2.0368 0.29459
78 2.2034 0.27231
79 1.5389 0.38989
80 1.2418 0.48315
81 1.3773 0.43564
82 1.9690 0.30472
83 2.2601 0.26547
84 1.1849 0.50638
85 1.0661 0.56277
86 1.6400 0.36584
87 1.3791 0.43506
88 1.3783 0.43533
89 2.1667 0.27692
90 1.8595 0.32266
91 2.2748 0.26376
92 1.2805 0.46857
93 1.4118 0.42499
94 2.9889 0.20074
95 2.4487 0.24503
96 1.3565 0.44232
97 2.7402 0.21896
98 1.0668 0.56241
99 4.9312 0.12167
100 1.0794 0.55585
101 0.9016 0.66550
102 1.4117 0.42502
103 5.6545 0.10611
104 1.2438 0.48239
105 1.1592 0.51758
106 1.2171 0.49298
107 1.4753 0.40671
108 1.1017 0.54462
109 1.1916 0.50354
110 1.2966 0.46274
111 1.2485 0.48056
112 1.0462 0.57352
113 6.5558 0.09152
114 9.0022 0.06665
115 6.0383 0.09937
116 1.6263 0.36893
117 1.3782 0.43536
118 1.3946 0.43024
119 2.1887 0.27414
120 1.2804 0.46860
121 1.2121 0.49500
122 1.5978 0.37552
123 3.1292 0.19174
124 1.3387 0.44821
125 1.1662 0.51450
126 1.3855 0.43304
127 1.4702 0.40811
128 1.1810 0.50806
129 1.2032 0.49866
130 1.2534 0.47870
131 1.4294 0.41977
132 1.2121 0.49500
133 1.2133 0.49451
134 1.3193 0.45480
135 1.2744 0.47079
136 1.2819 0.46805
137 1.3874 0.43246
138 1.5118 0.39688
139 1.5632 0.38382
140 1.2108 0.49554
141 2.1368 0.28079
142 4.1088 0.14603
143 3.4444 0.17419
144 1.4800 0.40540
